MODEL: base-MNB || PARAMS: none || TASK: emotion
CONFUSION MATRIX
[[ 929   14    2   10   48    2    4    8    1    2    4    0    0    0
     0   51    0   12   39    0  907    6    0    1    0    0    1    7]
 [  43  361    6   17   11    0    1    3    0    1    5    0    0    1
     0    5    0   13    5    0  713    1    0    1    0    0    0    2]
 [  18    6  129   73   11    3    1    5    0    6   16    5    0    0
     1    3    0    2    5    0  749    1    0    4    0    1    1    3]
 [  33   24   42  129   35    5    3    7    0   10   19    6    1    1
     1   15    0    3    3    0 1311    5    0    6    0    0    5    7]
 [ 113   15    4   25  204    6    4   10    5    3   28    4    0    1
     0   14    0    3   13    0 1758   11    0    3    0    1    4    2]
 [  12    0    1    5   14   46    1    2    0    2    6    1    0    0
     0   27    0    2    3    0  580   11    0    0    0    1    5    1]
 [  13    5    2   16   19    0   64   27    1    3   15    0    0    1
     0    4    0    2    3    0  823    2    0    5    0    0    0    1]
 [  20    3    2   11   13    1   13  120    1    0    7    0    0    3
     0    5    0    0    4    0  962    0    0    4    0    0    0    6]
 [   8    5    1    4   13    2    1    2   16    1    1    0    0    0
     0    3    0    2    5    0  379   18    0    0    0    0    0    1]
 [  21    3    6   21   19    1    1    2    1   38   19    8    0    1
     0    6    0    0    2    0  801    2    0    6    0    0    9    2]
 [  19   17   13   31   48    5    4    6    0    6  135    2    1    0
     1    9    0    4    3    0 1243    1    0    4    0    0    1    2]
 [   6    4   16   38   11    0    4    0    0    4   10   38    1    0
     0    2    0    0    0    0  424    4    0    5    0    1    3    1]
 [   4    2    1    8    4    0    0    0    0    0    3    4    4    0
     0    3    0    0    0    0  241    2    1    3    0    1    4    0]
 [  73    7    1    5   15    1    1    7    0    1    2    0    0   19
     0    9    0   35    3    0  387    2    0    1    0    0    1   13]
 [   7    3    3    6    6    1    1    2    0    1    4    1    0    0
    11    0    0    0    0    0  281    3    0    2    0    0    1    2]
 [  71    7    0    0    6    8    0    0    0    1    4    0    0    0
     0  899    0   17    6    0  294   15    0    1    0    1    1    1]
 [   0    0    0    0    2    0    0    0    0    0    1    0    0    0
     0    3    0    0    0    0   49    1    0    0    0    0    6    0]
 [  66   41    0    6   20    4    1    1    0    1    2    0    0    3
     0   35    0  103   26    0  525    2    0    0    0    0    1    1]
 [  73    3    0    4   12    0    0    2    0    0    1    0    0    2
     0    7    0   12  349    0  518    2    0    0    0    0    0    0]
 [   1    0    0    1    7    1    0    0    0    2    5    0    0    0
     1    0    0    0    0    1  146    1    0    1    0    0    2    0]
 [ 342  104   94  167  296   47   61  102    6   35  168   15    0   20
     9   83    0   45   60    0 9370   44    3   43    0    5   36   37]
 [  43    5    4    3   19   11    1    1    4    2    9    0    0    1
     0   17    0    3    7    0  671  113    0    0    0    0    1    1]
 [  25    2    0    2    5    0    0    0    0    0    1    0    0    0
     0    7    0    1    0    0   94    2    0    0    0    0    0    0]
 [  22    7    3    8   30    3    1    5    1    3   15    0    0    0
     0    4    0    3    2    0  803    5    0   26    0    0    0    6]
 [   3    0    1    1    9    1    1    0    0    1    0    0    0    0
     0   11    0    1    0    0  133    0    0    0    0    0    0    0]
 [   3    0    0    6    2    0    0    1    0    3    3    1    0    0
     0   18    0    0    3    0  240    0    0    3    0   13   14    0]
 [   3    7    2   13    9    3    2    1    1   11    9    1    0    0
     0    9    0    2    3    0  593    2    0    2    0    9   78    0]
 [  43    7    3   13   16    2    3   15    0    2    7    0    0    0
     2    8    0    5    2    0  518    1    0    4    0    0    1   56]]

CLASSIFICATION REPORT
                precision    recall  f1-score   support

    admiration       0.46      0.45      0.46      2048
     amusement       0.55      0.30      0.39      1189
         anger       0.38      0.12      0.19      1043
     annoyance       0.21      0.08      0.11      1671
      approval       0.23      0.09      0.13      2231
        caring       0.30      0.06      0.11       720
     confusion       0.37      0.06      0.11      1006
     curiosity       0.36      0.10      0.16      1175
        desire       0.43      0.03      0.06       462
disappointment       0.27      0.04      0.07       969
   disapproval       0.27      0.09      0.13      1555
       disgust       0.44      0.07      0.12       572
 embarrassment       0.57      0.01      0.03       285
    excitement       0.36      0.03      0.06       583
          fear       0.42      0.03      0.06       335
     gratitude       0.72      0.67      0.69      1332
         grief       0.00      0.00      0.00        62
           joy       0.38      0.12      0.19       838
          love       0.64      0.35      0.46       985
   nervousness       1.00      0.01      0.01       169
       neutral       0.37      0.84      0.51     11192
      optimism       0.44      0.12      0.19       916
         pride       0.00      0.00      0.00       139
   realization       0.21      0.03      0.05       947
        relief       0.00      0.00      0.00       162
       remorse       0.39      0.04      0.08       310
       sadness       0.45      0.10      0.17       760
      surprise       0.37      0.08      0.13       708

      accuracy                           0.39     34364
     macro avg       0.38      0.14      0.17     34364
  weighted avg       0.38      0.39      0.31     34364

MODEL: base-DT || PARAMS: none || TASK: emotion
CONFUSION MATRIX
[[1142   38   14   48  130   22   12   15   14   13   19    9    2   41
     1   62    1   50   85    2  269   20    6    9    5    0    0   19]
 [  55  701   20   42   44    8   16    8    7   19   13    3    4   14
     3    7    0   50   12    2  141    6    0    5    1    1    1    6]
 [  28   18  396  141   37   17   23   14    9   27   45   37    8    7
    10    3    1    6    5    0  189    2    2    8    0    1    2    7]
 [  48   66  217  366  121   32   50   35    9   60  101   39   21   13
     8   16    4   16   10    5  372    8    0   17    3    4   18   12]
 [ 216   56   38  135  578   59   39   39   38   44   63   17    7   25
     9   17    0   41   26    2  676   39    5   31    4   10   13    4]
 [  33   11   18   44   69  211   10    7   14   14   19    2    1    8
     4   22    1   12   14    3  160   19    0    2    4   10    8    0]
 [  21   23   33   67   65    6  282  114    6   25   27    6    6    8
     3    3    1    0    6    3  269    9    0    8    0    0    4   11]
 [  48   14   32   62   58   10  185  405   13   12   14    2    3   14
     5    6    1    2   14    2  247    6    0    4    1    1    1   13]
 [  16   12    9   21   51   19    4    7  138    8    9    4    3    9
     1    3    0    4    7    1   99   30    0    4    0    0    2    1]
 [  28   19   56  107   69   25   21   14   11  187   69   27   10    5
     9    7    4    7   10    6  201    7    0   13    3    9   34   11]
 [  38   48   94  177  132   27   50   29    8   79  366   19   11    9
    16    7    2   13   11    3  352   11    0   19    0    5   14   15]
 [  13   15   81   87   27    5   16    7    0   31   36  117    6    3
    10    2    0    2    3    2   93    4    0    4    1    0    6    1]
 [   8    8   12   33   17    1   12    5    1   12   16   17   54    1
     3    2    1    1    1    4   57    1    1    2    0    7    5    3]
 [  81   27    8   16   51    6    9   31   15    5    9    2    0  103
     2    8    0   31   10    0  126    6    1    2    1    1    3   29]
 [  10    3   16   26   18    6    7    5    2    8   13   15    8    1
   123    2    0    1    2    8   43    2    0    3    0    0   10    3]
 [  87   12    2   16   33   20    7    4    3    3    7    2    2   18
     1  969    0   27   10    1   63   18    2    5    2   13    4    1]
 [   0    0    7    4    2    2    1    2    1    5    1    2    1    0
     3    3    6    0    0    1   12    0    0    0    0    2    6    1]
 [ 105  103    6   24   58   11    2    4   13    7   10    2    2   38
     3   40    0  198   50    1  131    9    1    4    7    1    2    6]
 [ 131   17    7   16   50    9    9    7   13   10    6    7    1   24
     1    9    0   46  526    0   84    4    0    3    2    0    2    1]
 [   5    3    5   10   17   12    6    7    1   16    8    1    1    0
     8    0    0    0    2   15   42    2    0    2    0    0    4    2]
 [ 542  332  423  737 1138  288  405  440  128  296  488  124   57  126
    70   85   20  155  120   32 4725  101   13  146   11   35   78   77]
 [  83   17   10   44   86   50   14   15   47   24   23    5    7   13
     2   22    2   22   13    0  211  186    1    5    4    4    2    4]
 [  32    1    0    9   14    3    2    2    0    5    0    0    1    2
     2    3    1   11    1    0   40    2    5    1    1    0    0    1]
 [  53   32   23   64  107   21   32   19    9   57   51    7   10    9
     6    5    4   10   10    2  290    9    1   78    2    6    7   23]
 [  10    1    5    6   28   16    1    1    0    6    3    2    2    2
     1    7    1   13    2    0   34    1    1    1   17    0    0    1]
 [   3    5    5   21   16   10   11    2    1   14   15    1    8    0
     1   19    1    0    3    0   39    1    0   12    0   93   28    1]
 [  15   14   24   51   29   33   15    7    7   90   37   12    8    3
    12    3    9    4    5    3  181    4    1   11    1   46  130    5]
 [  58   25   19   47   45    8   29   43    3   26   20    6    4   28
    11    5    0   11    4    1  137    5    0   12    1    0    2  158]]

CLASSIFICATION REPORT
                precision    recall  f1-score   support

    admiration       0.39      0.56      0.46      2048
     amusement       0.43      0.59      0.50      1189
         anger       0.25      0.38      0.30      1043
     annoyance       0.15      0.22      0.18      1671
      approval       0.19      0.26      0.22      2231
        caring       0.23      0.29      0.25       720
     confusion       0.22      0.28      0.25      1006
     curiosity       0.31      0.34      0.33      1175
        desire       0.27      0.30      0.28       462
disappointment       0.17      0.19      0.18       969
   disapproval       0.25      0.24      0.24      1555
       disgust       0.24      0.20      0.22       572
 embarrassment       0.22      0.19      0.20       285
    excitement       0.20      0.18      0.19       583
          fear       0.38      0.37      0.37       335
     gratitude       0.72      0.73      0.73      1332
         grief       0.10      0.10      0.10        62
           joy       0.27      0.24      0.25       838
          love       0.55      0.53      0.54       985
   nervousness       0.15      0.09      0.11       169
       neutral       0.51      0.42      0.46     11192
      optimism       0.36      0.20      0.26       916
         pride       0.12      0.04      0.06       139
   realization       0.19      0.08      0.11       947
        relief       0.24      0.10      0.15       162
       remorse       0.37      0.30      0.33       310
       sadness       0.34      0.17      0.23       760
      surprise       0.38      0.22      0.28       708

      accuracy                           0.36     34364
     macro avg       0.29      0.28      0.28     34364
  weighted avg       0.37      0.36      0.36     34364


MODEL: base-MLP || PARAMS: none || TASK: emotion
CONFUSION MATRIX
[[1107   26    2    0   22    7    0    8    3    0    4    5    0    5
     0   39    0   37   83    0  654   18    0    1    0    0    3   24]
 [  42  764   11    6    1    1    0    4    2    0    4    0    1    1
     0    7    0   17   12    0  303    3    0    0    0    1    0    9]
 [  16   14  202   68    5    8    3    8    2    2    9   20    0    0
     3    3    0    6    7    0  657    2    0    0    0    3    0    5]
 [  34   50   82  108   21   12    4   17    3    2   24   26    1    1
     0   18    0    9   11    0 1210    6    0    0    0    5   11   16]
 [ 148   40   12   16  172   18    2   12    7    3   21    8    0    1
     4   12    0   26   43    0 1635   26    0    2    0    6   11    6]
 [  29    8    3    6    9   71    1    2    6    0    8    2    0    0
     2   13    0   14   11    0  474   28    0    0    0   21   11    1]
 [  10   23    5   10   11    3   68   39    0    0   14    2    0    1
     1    4    0    3   10    0  784    4    0    1    0    1    3    9]
 [  31   17    4    9    7    2    7  165    2    0    4    3    0    4
     1    4    0    2   13    0  878    6    0    0    0    1    1   14]
 [  15   12    2    2    6    4    1    1  103    0    1    1    0    1
     0    3    0   12   15    0  244   34    0    1    0    0    4    0]
 [  21   16   14   19   18    3    3    5    9   17   19   20    0    0
     6    3    0    4    9    0  716    8    0    1    0   15   31   12]
 [  27   37   23   26   38    7    7    6    3    1   93   12    0    0
     3    8    0    9   12    0 1203   11    0    0    0    7   13    9]
 [   7   11   40   28    8    2    2    1    0    2    7  108    0    0
     4    1    0    0    4    0  333    4    0    0    0    2    6    2]
 [   4    2    5   13    2    2    3    2    0    2    6    5    2    0
     1    2    0    0    3    0  218    3    0    0    0    6    3    1]
 [  79   16    4    0    8    0    1   10    2    1    0    0    0   35
     1   11    0   37   16    0  335    1    0    0    0    0    1   25]
 [   3    5    4    8    3    3    0    2    1    0    4    6    0    0
    63    0    0    1    3    0  217    5    0    0    0    0    4    3]
 [  77   12    0    2    1   13    0    1    2    0    3    1    0    0
     0 1011    0   44   11    0  106   19    0    0    0   23    5    1]
 [   0    0    0    2    0    0    0    0    1    0    0    0    0    0
     0    1    0    0    0    0   49    1    0    0    0    5    3    0]
 [  73  105    1    2    5    5    0    3    2    0    1    1    0    7
     0   24    0  239   48    0  309    4    0    0    0    1    2    6]
 [  51   12    1    0    4    1    1    3    0    0    2    0    0    1
     0    4    0    9  647    0  243    4    0    0    0    0    2    0]
 [   2    1    0    2    2    5    0    1    0    0    1    2    0    0
     3    0    0    0    0    0  137    3    0    0    0    0    7    3]
 [ 305  247  118  111  128   71   37  139   35    8  105   29    0    6
    12   69    0   84  144    0 9288   89    0    3    0   30   71   63]
 [  51   13    4    5   10   10    1    1   23    0    8    0    0    0
     0   13    0   17   15    0  446  291    0    0    0    3    3    2]
 [  27    2    2    0    1    1    0    0    0    0    0    0    0    0
     0    2    0    9    1    0   91    2    0    0    0    0    0    1]
 [  32   18    2   12   15    5    5    3    2    0   12    2    0    0
     2    4    0   11   14    0  757    5    0    8    0    6    6   26]
 [   8    0    1    2    3    3    0    0    0    0    1    0    0    1
     1   12    0   15    1    0  111    1    0    0    0    0    2    0]
 [   4    3    1    3    1    0    1    2    1    1    3    0    0    0
     0    8    0    0    3    0  108    1    0    1    0  156   12    1]
 [   7   13    3    8   10    4    0    2    7    4    5    5    0    1
     5    4    0    3    4    0  427    6    0    1    0   67  171    3]
 [  33   10   10    7    6    0    1   20    1    0    4    2    0    0
     1    2    0    8    4    0  401    5    0    0    0    1    1  191]]

CLASSIFICATION REPORT
                precision    recall  f1-score   support

    admiration       0.49      0.54      0.52      2048
     amusement       0.52      0.64      0.57      1189
         anger       0.36      0.19      0.25      1043
     annoyance       0.23      0.06      0.10      1671
      approval       0.33      0.08      0.13      2231
        caring       0.27      0.10      0.14       720
     confusion       0.46      0.07      0.12      1006
     curiosity       0.36      0.14      0.20      1175
        desire       0.47      0.22      0.30       462
disappointment       0.40      0.02      0.03       969
   disapproval       0.26      0.06      0.10      1555
       disgust       0.42      0.19      0.26       572
 embarrassment       0.50      0.01      0.01       285
    excitement       0.54      0.06      0.11       583
          fear       0.56      0.19      0.28       335
     gratitude       0.79      0.76      0.77      1332
         grief       0.00      0.00      0.00        62
           joy       0.39      0.29      0.33       838
          love       0.57      0.66      0.61       985
   nervousness       0.00      0.00      0.00       169
       neutral       0.42      0.83      0.55     11192
      optimism       0.49      0.32      0.39       916
         pride       0.00      0.00      0.00       139
   realization       0.42      0.01      0.02       947
        relief       0.00      0.00      0.00       162
       remorse       0.43      0.50      0.47       310
       sadness       0.44      0.23      0.30       760
      surprise       0.44      0.27      0.33       708

      accuracy                           0.44     34364
     macro avg       0.38      0.23      0.25     34364
  weighted avg       0.42      0.44      0.37     34364



MODEL: top-MNB || PARAMS: {'alpha': 0.5} || TASK: emotion
CONFUSION MATRIX
[[1042   19    2   19   58   12    5   13    4    5    8    0    0    3
     0   63    0   25   63    0  666   13    0    6    1    0    4   17]
 [  51  547   12   26   13    4    2   10    1    5    7    1    0    6
     0    9    0   24   12    0  441    3    0    6    0    0    2    7]
 [  17   12  206  109   17    8    7    7    0    7   28   18    2    4
     3    5    0    4    7    0  556    1    1    7    0    1    8    8]
 [  46   37   75  196   57   16   12   20    2   24   53   15    2    6
     2   21    0    8    4    1 1012   10    0   23    0    1   12   16]
 [ 136   29    7   40  304   23   13   24    7   11   60    6    0    6
     3   24    0   17   29    0 1424   23    0   23    2    5   10    5]
 [  17    3    5   10   24  116    1    7    1    3   14    2    1    0
     0   36    0    7    4    0  434   21    0    4    0    1    8    1]
 [  15    8    6   27   28    2  115   53    3    5   22    2    0    3
     1    8    0    1    7    0  667    2    0   18    0    0    1   12]
 [  39    8    8   21   20    6   36  203    3    1   13    1    0    4
     1    6    0    1    8    0  773    5    0    6    0    0    2   10]
 [   9    8    0    7   17    8    2    3   50    2    2    2    1    1
     0    6    0   11   11    0  287   31    0    2    0    0    1    1]
 [  25   10   11   38   27    6    3    5    1   80   41   13    2    2
     3   12    0    2    4    0  613   11    0   14    0    1   32   13]
 [  26   22   24   63   72    9   20   10    1   16  209   13    1    1
     7   10    0    8    3    0 1005   11    0    8    0    0   10    6]
 [   9    9   29   48   21    3    8    8    0    9   20   74    3    0
     2    3    0    0    2    0  303    7    0    7    0    1    3    3]
 [   4    4    3   15    6    0    3    3    0    5    4    6   13    0
     2    4    0    0    0    0  196    2    1    6    0    1    6    1]
 [  84   13    2    7   16    2    2   14    2    2    2    2    0   52
     1   10    0   37    8    0  294    7    0    4    0    0    2   20]
 [  11    5    4    9   13    1    5    2    0    2    5   10    0    1
    38    1    0    0    0    0  214    5    0    4    0    0    2    3]
 [  74    7    0    2   11   13    0    0    0    3    7    0    0    2
     0  985    0   26    8    0  167   17    0    1    0    5    3    1]
 [   0    0    0    1    1    0    0    0    0    0    1    1    0    0
     0    1    0    0    0    1   44    1    0    0    0    2    8    1]
 [  73   67    0   11   27   10    1    3    2    3    5    1    0   11
     1   47    0  168   42    0  350    8    0    1    1    0    2    4]
 [  74    7    0    6   19    1    2    4    0    0    6    1    0    2
     0    8    0   21  491    0  338    3    0    2    0    0    0    0]
 [   3    1    1    3    8    7    2    1    0    7    8    0    1    1
     4    2    0    0    0    3  106    3    0    1    0    0    6    1]
 [ 410  177  166  269  436  137  154  181   29   79  311   41    6   49
    33  108    2   88  103    0 8001  106    8  111    4   13   89   81]
 [  43    8    7    6   29   26    7    5   10    6   13    2    0    4
     2   18    0    8   12    0  506  192    0    7    0    1    1    3]
 [  24    1    1    4    8    1    0    1    0    1    1    0    0    0
     0    8    0    7    0    0   75    3    1    2    0    0    0    1]
 [  32   15    8   17   41   10    4    7    1   18   26    3    3    4
     1    6    0    6    3    0  645    6    0   69    1    1    3   17]
 [   4    1    2    1   10    6    0    0    0    1    0    0    0    1
     0   12    0    8    1    0  112    1    0    1    1    0    0    0]
 [   4    0    0    9    2    6    2    3    1   11    4    2    0    0
     0   25    0    0    3    0  163    0    0    7    0   37   30    1]
 [   8    9    6   19   13    8    3    2    3   34   17    4    2    0
     2   13    0    3    2    0  443    2    0    6    0   23  134    4]
 [  46    6    6   11   21    4    7   36    1    6   11    4    0    7
     4    7    0   11    4    0  371    5    0    7    1    0    4  128]]

CLASSIFICATION REPORT
                precision    recall  f1-score   support

    admiration       0.45      0.51      0.48      2048
     amusement       0.53      0.46      0.49      1189
         anger       0.35      0.20      0.25      1043
     annoyance       0.20      0.12      0.15      1671
      approval       0.23      0.14      0.17      2231
        caring       0.26      0.16      0.20       720
     confusion       0.28      0.11      0.16      1006
     curiosity       0.32      0.17      0.23      1175
        desire       0.41      0.11      0.17       462
disappointment       0.23      0.08      0.12       969
   disapproval       0.23      0.13      0.17      1555
       disgust       0.33      0.13      0.19       572
 embarrassment       0.35      0.05      0.08       285
    excitement       0.31      0.09      0.14       583
          fear       0.35      0.11      0.17       335
     gratitude       0.68      0.74      0.71      1332
         grief       0.00      0.00      0.00        62
           joy       0.34      0.20      0.25       838
          love       0.59      0.50      0.54       985
   nervousness       0.60      0.02      0.03       169
       neutral       0.40      0.71      0.51     11192
      optimism       0.38      0.21      0.27       916
         pride       0.09      0.01      0.01       139
   realization       0.20      0.07      0.11       947
        relief       0.09      0.01      0.01       162
       remorse       0.40      0.12      0.18       310
       sadness       0.35      0.18      0.23       760
      surprise       0.35      0.18      0.24       708

      accuracy                           0.39     34364
     macro avg       0.33      0.20      0.22     34364
  weighted avg       0.36      0.39      0.35     34364

MODEL: top-DT || PARAMS: {'criterion': 'gini', 'max_depth': 10, 'min_samples_split': 40} || TASK: emotion
CONFUSION MATRIX
[[  642    10     0     0     0     0     0     0     0     0     0     0
      0     0     0    18     0     3    78     0  1275    18     0     0
      1     3     0     0]
 [   30   396     2     0     0     0     0     0     0     0     0     0
      0     0     0     5     0     1    18     0   730     2     0     3
      0     2     0     0]
 [   23     3     2     0     0     0     0     0     0     0     0     0
      0     0     0     3     0     0     4     0  1002     2     0     0
      0     4     0     0]
 [   27    24     1     0     1     0     0     0     0     0     0     0
      0     0     0    15     0     0    13     0  1571    11     0     0
      0     8     0     0]
 [  103    17     0     0     0     0     0     0     0     0     0     0
      0     0     0     8     0     0    34     0  2040    22     0     0
      0     7     0     0]
 [   33     2     0     0     0     3     0     0     0     0     0     0
      0     0     0     5     0     0    13     0   616    28     0     0
      0    20     0     0]
 [   16    13     0     0     0     0     1     0     0     0     0     0
      0     0     0     3     0     0     9     0   961     2     0     0
      0     1     0     0]
 [   28     8     0     0     0     0     0     0     0     0     0     0
      0     0     0     4     0     0    13     0  1116     4     0     0
      0     2     0     0]
 [   19     5     0     0     0     0     0     0     0     0     0     0
      0     0     0     1     0     0    13     0   396    28     0     0
      0     0     0     0]
 [   33    11     0     0     0     0     0     0     0     1     0     0
      0     0     0     3     0     0     6     0   890     9     0     0
      0    16     0     0]
 [   40    18     1     1     0     0     0     0     0     0     0     0
      0     0     0     6     0     0    12     0  1458    10     0     0
      0     9     0     0]
 [    6     6     0     0     0     0     0     0     0     0     0     0
      0     0     0     1     0     0     2     0   551     3     0     0
      0     3     0     0]
 [    8     2     0     0     0     0     0     0     0     0     0     0
      0     0     0     2     0     0     2     0   263     2     0     0
      0     6     0     0]
 [   40     2     0     0     0     0     0     0     0     0     0     0
      0     0     0     1     0     0    14     0   525     1     0     0
      0     0     0     0]
 [    6     5     0     0     0     0     0     0     0     0     0     0
      0     0     0     0     0     0     1     0   319     3     0     0
      0     1     0     0]
 [   51     6     0     1     0     1     0     0     0     0     2     0
      0     0     0   956     0     1    10     0   247    31     0     0
      1    25     0     0]
 [    4     0     0     0     0     0     0     0     0     0     0     0
      0     0     0     1     0     0     0     0    52     0     0     0
      0     5     0     0]
 [   60    18     0     0     0     0     0     0     0     0     0     0
      0     0     0     6     0     2    39     0   705     6     0     0
      0     2     0     0]
 [   25     9     0     0     0     0     1     0     0     0     0     0
      0     0     0     3     0     1   589     0   355     2     0     0
      0     0     0     0]
 [    2     0     0     0     0     0     0     0     0     0     0     0
      0     0     0     0     0     0     2     0   163     2     0     0
      0     0     0     0]
 [  266   112     0     0     0     0     0     0     0     1     0     0
      0     0     1    48     0     1   128     0 10540    54     0     0
      0    41     0     0]
 [   45     8     0     1     0     0     0     0     0     2     0     0
      0     0     0     2     0     1    15     0   592   246     0     0
      0     4     0     0]
 [   12     3     0     0     0     0     0     0     0     0     0     0
      0     0     0     0     0     0     1     0   122     1     0     0
      0     0     0     0]
 [   26     5     0     0     0     1     0     0     0     0     0     0
      0     0     0     2     0     1    11     0   890     3     0     2
      0     6     0     0]
 [   14     0     0     0     0     0     0     0     0     0     0     0
      0     0     0     6     0     0     0     0   140     0     0     0
      2     0     0     0]
 [    4     1     0     0     0     2     0     0     0     0     0     0
      0     0     0     0     0     0     2     0   128     0     0     0
      0   173     0     0]
 [   14     8     0     0     0     1     0     0     0     0     0     0
      0     0     0     0     0     0     4     0   653     7     0     0
      0    73     0     0]
 [   14     3     0     0     0     0     0     0     0     0     0     0
      0     0     0     3     0     0     2     0   681     3     0     0
      0     2     0     0]]

CLASSIFICATION REPORT
                precision    recall  f1-score   support

    admiration       0.40      0.31      0.35      2048
     amusement       0.57      0.33      0.42      1189
         anger       0.33      0.00      0.00      1043
     annoyance       0.00      0.00      0.00      1671
      approval       0.00      0.00      0.00      2231
        caring       0.38      0.00      0.01       720
     confusion       0.50      0.00      0.00      1006
     curiosity       0.00      0.00      0.00      1175
        desire       0.00      0.00      0.00       462
disappointment       0.25      0.00      0.00       969
   disapproval       0.00      0.00      0.00      1555
       disgust       0.00      0.00      0.00       572
 embarrassment       0.00      0.00      0.00       285
    excitement       0.00      0.00      0.00       583
          fear       0.00      0.00      0.00       335
     gratitude       0.87      0.72      0.79      1332
         grief       0.00      0.00      0.00        62
           joy       0.18      0.00      0.00       838
          love       0.57      0.60      0.58       985
   nervousness       0.00      0.00      0.00       169
       neutral       0.36      0.94      0.52     11192
      optimism       0.49      0.27      0.35       916
         pride       0.00      0.00      0.00       139
   realization       0.40      0.00      0.00       947
        relief       0.50      0.01      0.02       162
       remorse       0.42      0.56      0.48       310
       sadness       0.00      0.00      0.00       760
      surprise       0.00      0.00      0.00       708

      accuracy                           0.39     34364
     macro avg       0.22      0.13      0.13     34364
  weighted avg       0.29      0.39      0.27     34364

MODEL: top-MLP || PARAMS: {'criterion': 'gini', 'max_depth': 10, 'min_samples_split': 40} || TASK: emotion
CONFUSION MATRIX
[[1024   28    2    0   16    5    1   10    1    0    1    3    0    3
     0   46    0   31   82    0  754   21    0    1    0    0    3   16]
 [  38  751   10    1    2    0    1    0    0    1    5    0    0    1
     0    7    0   14   10    0  338    3    0    0    0    2    0    5]
 [  14   16  201   20    2    3    2    5    0    2   14   20    0    0
     2    4    0    5    5    0  720    1    0    0    0    1    4    2]
 [  23   51   89   13   14    6    4   16    0    3   36   26    1    1
     0   19    0    4    7    0 1325    7    0    0    0    2   16    8]
 [ 133   41    8    4  127   16    8    7    3    3   15    5    0    0
     3   10    0   18   37    0 1743   29    0    1    0    5   13    2]
 [  25    9    3    2    5   51    1    2    5    2   14    2    0    0
     1   16    0    9   10    0  512   23    0    0    0   13   14    1]
 [  14   18    5    3    4    0   78   30    0    0   20    4    0    1
     2    3    0    1    8    0  800    2    0    2    0    1    3    7]
 [  31   15    6    1    4    3   16  143    1    0    5    2    0    3
     0    4    0    0   12    0  910    5    0    0    0    1    1   12]
 [  13   11    0    0    5    4    4    1   78    0    2    1    0    1
     0    5    0   10   12    0  279   34    0    0    0    0    2    0]
 [  13   17   14    4    6    2    4    2    5   14   15   21    0    0
     2    4    0    5    7    0  774    7    0    1    0    8   37    7]
 [  24   35   20   10   22    5   15    4    2    2   76   12    0    0
     2    9    0    8    7    0 1268    9    0    0    0    4   13    8]
 [   7   11   35    9    1    2    2    0    0    3    7   93    0    0
     0    2    0    1    3    0  382    3    0    0    0    1    8    2]
 [   2    2    4    5    0    1    3    0    0    3    5    3    4    0
     0    2    0    2    2    0  230    3    0    0    0    5    9    0]
 [  79   15    5    0    5    0    4    8    2    1    0    0    0   28
     0   13    0   41   13    0  344    3    0    0    0    0    1   21]
 [   2    7   12    1    1    2    1   10    1    0    4    4    0    0
    38    0    0    0    3    0  236    7    0    0    0    0    3    3]
 [  59   10    0    0    1    9    0    1    2    0    2    1    0    0
     0 1014    0   42   11    0  132   22    0    0    0   20    5    1]
 [   0    0    0    1    0    0    0    0    1    0    1    0    0    0
     0    1    0    0    0    0   48    0    0    0    0    4    6    0]
 [  70  111    2    1    7    5    0    2    1    0    1    2    0    3
     0   34    0  211   44    0  328    3    0    1    0    2    3    7]
 [  55   10    1    2    5    1    1    3    0    0    1    0    0    0
     0    5    0   10  612    0  274    4    0    0    0    0    1    0]
 [   1    1    1    2    1    4    1    3    0    0    2    0    0    1
     2    0    0    0    0    0  140    4    0    0    0    0    6    0]
 [ 254  233  107   33   79   40   58  100   21   13  100   32    0    4
     8   67    0   68  135    0 9642   68    0    5    0   20   61   44]
 [  47   13    6    2    3   13    2    1   20    2    7    3    1    0
     0    9    0   14   15    0  489  262    0    1    0    0    4    2]
 [  24    2    0    0    2    1    0    0    0    0    0    0    0    0
     0    4    0    9    1    0   94    2    0    0    0    0    0    0]
 [  25   15    2    4    9    1    7    2    2    2   14    4    0    1
     2    5    0    6   11    0  793    3    0    3    0    2   11   23]
 [   8    1    1    0    4    3    0    0    0    1    1    1    0    0
     1   13    0    9    0    0  116    1    0    0    0    0    2    0]
 [   0    3    1    0    1    2    0    1    1    1    3    0    0    0
     0    8    0    2    3    0  122    1    0    1    0  108   51    1]
 [   4   12    2    0    6    5    1    1    4    8    6    6    2    0
     2    8    0    1    2    0  460    8    0    0    0   46  175    1]
 [  35   15    7    1    2    0    2   27    1    1    5    1    0    1
     1    5    0    4    3    0  463    8    0    0    0    0    1  125]]

CLASSIFICATION REPORT
                precision    recall  f1-score   support

    admiration       0.51      0.50      0.50      2048
     amusement       0.52      0.63      0.57      1189
         anger       0.37      0.19      0.25      1043
     annoyance       0.11      0.01      0.01      1671
      approval       0.38      0.06      0.10      2231
        caring       0.28      0.07      0.11       720
     confusion       0.36      0.08      0.13      1006
     curiosity       0.38      0.12      0.18      1175
        desire       0.52      0.17      0.25       462
disappointment       0.23      0.01      0.03       969
   disapproval       0.21      0.05      0.08      1555
       disgust       0.38      0.16      0.23       572
 embarrassment       0.50      0.01      0.03       285
    excitement       0.58      0.05      0.09       583
          fear       0.58      0.11      0.19       335
     gratitude       0.77      0.76      0.77      1332
         grief       0.00      0.00      0.00        62
           joy       0.40      0.25      0.31       838
          love       0.58      0.62      0.60       985
   nervousness       0.00      0.00      0.00       169
       neutral       0.41      0.86      0.55     11192
      optimism       0.48      0.29      0.36       916
         pride       0.00      0.00      0.00       139
   realization       0.19      0.00      0.01       947
        relief       0.00      0.00      0.00       162
       remorse       0.44      0.35      0.39       310
       sadness       0.39      0.23      0.29       760
      surprise       0.42      0.18      0.25       708

      accuracy                           0.43     34364
     macro avg       0.36      0.21      0.22     34364
  weighted avg       0.40      0.43      0.35     34364

MODEL: base-MNB || PARAMS: ? || TASK: sentiment
CONFUSION MATRIX
[[ 931  609 1377  866]
 [ 304 3997 2143 1232]
 [ 689 1906 5484 3044]
 [ 297  915 2204 8366]]

CLASSIFICATION REPORT
              precision    recall  f1-score   support

   ambiguous       0.42      0.25      0.31      3783
    negative       0.54      0.52      0.53      7676
     neutral       0.49      0.49      0.49     11123
    positive       0.62      0.71      0.66     11782

    accuracy                           0.55     34364
   macro avg       0.52      0.49      0.50     34364
weighted avg       0.54      0.55      0.54     34364



MODEL: base-DT || PARAMS: ? || TASK: sentiment
CONFUSION MATRIX
[[1824  613  898  448]
 [ 837 4532 1580  727]
 [1619 2414 5372 1718]
 [ 863 1330 2596 6993]]

CLASSIFICATION REPORT
              precision    recall  f1-score   support

   ambiguous       0.35      0.48      0.41      3783
    negative       0.51      0.59      0.55      7676
     neutral       0.51      0.48      0.50     11123
    positive       0.71      0.59      0.65     11782

    accuracy                           0.54     34364
   macro avg       0.52      0.54      0.52     34364
weighted avg       0.56      0.54      0.55     34364

MODEL: base-MLP || PARAMS: ? || TASK: sentiment
CONFUSION MATRIX
[[1139  589 1405  650]
 [ 328 4326 2091  931]
 [ 756 2017 5926 2424]
 [ 325  991 2263 8203]]

CLASSIFICATION REPORT
              precision    recall  f1-score   support

   ambiguous       0.45      0.30      0.36      3783
    negative       0.55      0.56      0.55      7676
     neutral       0.51      0.53      0.52     11123
    positive       0.67      0.70      0.68     11782

    accuracy                           0.57     34364
   macro avg       0.54      0.52      0.53     34364
weighted avg       0.57      0.57      0.57     34364

MODEL: top-MNB || PARAMS: {'alpha': 0.5} || TASK: sentiment
CONFUSION MATRIX
[[1134  599 1238  812]
 [ 440 4086 1974 1176]
 [ 893 1975 5288 2967]
 [ 396  996 2142 8248]]

CLASSIFICATION REPORT
              precision    recall  f1-score   support

   ambiguous       0.40      0.30      0.34      3783
    negative       0.53      0.53      0.53      7676
     neutral       0.50      0.48      0.49     11123
    positive       0.62      0.70      0.66     11782

    accuracy                           0.55     34364
   macro avg       0.51      0.50      0.51     34364
weighted avg       0.54      0.55      0.54     34364

MODEL: top-DT || PARAMS: {'criterion': 'gini', 'max_depth': 10, 'min_samples_split': 10} || TASK: sentiment
CONFUSION MATRIX
[[    3    20  3593   167]
 [    3   315  7008   350]
 [    6    52 10417   648]
 [   13    74  7583  4112]]

CLASSIFICATION REPORT
              precision    recall  f1-score   support

   ambiguous       0.12      0.00      0.00      3783
    negative       0.68      0.04      0.08      7676
     neutral       0.36      0.94      0.52     11123
    positive       0.78      0.35      0.48     11782

    accuracy                           0.43     34364
   macro avg       0.49      0.33      0.27     34364
weighted avg       0.55      0.43      0.35     34364

MODEL: top-MLP || PARAMS: {'activation': 'relu', 'hidden_layer_sizes': (30, 50), 'solver': 'adam'} || TASK: sentiment
CONFUSION MATRIX
[[1039  501 1644  599]
 [ 338 4008 2461  869]
 [ 683 1756 6538 2146]
 [ 319  932 2594 7937]]

CLASSIFICATION REPORT
              precision    recall  f1-score   support

   ambiguous       0.44      0.27      0.34      3783
    negative       0.56      0.52      0.54      7676
     neutral       0.49      0.59      0.54     11123
    positive       0.69      0.67      0.68     11782

    accuracy                           0.57     34364
   macro avg       0.54      0.51      0.52     34364
weighted avg       0.57      0.57      0.56     34364

